20×7 Matrix{Float64}:
 0.0  1.0  0.0  0.0  0.0  0.0  0.0
 1.0  0.0  0.0  0.0  0.0  0.0  0.0
 0.0  0.0  0.0  0.0  0.0  0.0  0.0
 0.0  0.0  0.0  0.0  0.0  0.0  0.0
 0.0  0.0  0.0  0.0  0.0  0.0  0.0
 0.0  0.0  1.0  0.0  0.0  0.0  0.0
 0.0  0.0  0.0  0.0  0.0  0.0  0.0
 0.0  0.0  0.0  0.0  0.0  0.0  0.0
 0.0  0.0  0.0  0.0  0.0  0.0  0.0
 0.0  0.0  0.0  0.0  0.0  0.0  0.0
 0.0  0.0  0.0  0.0  0.0  0.0  0.0
 0.0  0.0  0.0  0.0  0.0  0.0  0.0
 0.0  0.0  0.0  1.0  1.0  0.0  0.0
 0.0  0.0  0.0  0.0  0.0  0.0  0.0
 0.0  0.0  0.0  0.0  0.0  0.0  0.0
 0.0  0.0  0.0  0.0  0.0  0.0  0.0
 0.0  0.0  0.0  0.0  0.0  0.0  0.0
 0.0  0.0  0.0  0.0  0.0  0.0  0.0
 0.0  0.0  0.0  0.0  0.0  0.0  0.0
 0.0  0.0  0.0  0.0  0.0  0.0  0.0
7-element Vector{Float64}:
 0.5
 0.16666666666666669
 0.3242971887550201
 0.08681102362204725
 0.10433070866141733
 0.0
 0.0
2×15 Matrix{Float64}:
 0.0  0.0  0.0  0.0  0.0  0.0  0.0  1.0  1.0  0.0  1.0  0.0  0.0  0.0  1.0
 0.0  0.0  0.0  0.0  0.0  0.0  0.0  0.0  0.0  1.0  0.0  0.0  1.0  0.0  0.0
7-element Vector{Float64}:
 1.0
 1.0
 1.0
 1.0
 1.0
 0.0
 0.0



 
20×7 Matrix{Float64}:
 0.0  0.0  0.0  0.0  0.0  0.805814  0.0
 0.0  0.0  0.0  0.0  0.0  0.194186  0.0
 0.0  0.0  0.0  0.0  0.0  0.0       0.0
 0.0  0.0  0.0  0.0  0.0  0.0       0.0
 0.0  0.0  0.0  0.0  0.0  0.0       0.0
 0.0  0.0  1.0  0.0  0.0  0.0       0.0
 0.0  0.0  0.0  0.0  0.0  0.0       0.0
 0.0  0.0  0.0  0.0  0.0  0.0       0.0
 0.0  0.0  0.0  0.0  0.0  0.0       0.0
 0.0  0.0  0.0  0.0  0.0  0.0       0.0
 0.0  0.0  0.0  0.0  0.0  0.0       0.0
 0.0  0.0  0.0  0.0  0.0  0.0       0.0
 1.0  0.0  0.0  0.0  0.0  0.0       0.0
 0.0  0.0  0.0  0.0  0.0  0.0       0.0
 0.0  0.0  0.0  0.0  0.0  0.0       0.0
 0.0  0.0  0.0  0.0  0.0  0.0       0.0
 0.0  0.0  0.0  0.0  0.0  0.0       0.0
 0.0  0.0  0.0  0.0  0.0  0.0       0.0
 0.0  0.0  0.0  0.0  0.0  0.0       0.0
 0.0  0.0  0.0  0.0  0.0  0.0       0.0
7-element Vector{Float64}:
 0.055118110236220375
 0.0
 0.31000910488668465
 0.0
 0.0
 0.25
 0.0
2×15 Matrix{Float64}:
 0.0  0.0  0.0  0.0  0.0  0.0  0.0  0.0  0.0  0.0  0.0  1.0  0.0  0.0  1.0
 0.0  0.0  0.0  0.0  0.0  0.0  0.0  0.0  0.0  0.0  1.0  0.0  1.0  0.0  0.0
7-element Vector{Float64}:
 1.0
 0.0
 1.0
 0.0
 0.0
 1.0
 0.0
